Q	NPV	Sol	Cap	NVP-sol
nm-1				
0.083530329	52703.8348451674	189.674538210793	149.6862336735	52514.1603069566
0.088697553	48330.6737566469	182.014037357065	158.227128023564	48148.6597192898
0.093864776	38967.2693149828	154.435070109174	140.430366546666	38812.8342448736
0.099032	31971.2055051611	124.076783773995	120.176527029841	31847.1287213871
0.10419923	26670.6030653738	113.988461737466	101.375304215882	26556.6146036363
0.10936645	22483.2699405693	105.595022507373	87.00934515486	22377.6749180619
0.11453368	18841.2430403503	97.0457546437626	72.9964356906965	18744.1972857066
0.1197009	15842.320925868	85.6073161897863	64.35986433013	15756.7136096782
0.12486813	13160	73.279344957831	55.9545535687721	13086.7206550422
0.13003536	10984.468564279	66.228581776789	50.1172919579899	10918.2399825022
0.13520259	9196.68877072255	58.0204739483624	44.8264556246467	9138.66829677419
0.1403698	7744.76822020644	49.2170160914783	39.405557704323	7695.55120411497
0.14553703	6617.580231467	44.389357375692	37.1757266966172	6573.19087409131
0.15070425	5693.59493274945	41.1569333057381	32.5475499092559	5652.43799944371
0.15587148	4979.88076321551	37.0031805246546	28.9364389634346	4942.87758269086
0.16103871	4347.07657178605	34.1899596419517	27.1717443694029	4312.8866121441
0.16620593	3835.61914294651	32.762440627102	25.0541028234804	3802.85670231941
0.17137316	3399.01939318111	29.1645273451648	23.5497857844158	3369.85486583594
0.17654039	3007.54638723804	28.4308019868578	21.8816949808099	2979.11558525118
0.18170761	2671.77322489834	26.093567030579	20.4753057034899	2645.67965786776
0.18687484	2374.17785423835	24.9148931546541	19.3252000833061	2349.26296108369
0.19204205	2147.43484516734	22.2106959176282	18.1002975216447	2125.22414924972
0.19720928	1926.47819831092	22.5568769079526	17.2058076225045	1903.92132140296
0.20237651	1724.10153268689	21.156675117711	16.4693508077713	1702.94485756918
0.20754373	1551.26068188927	20.1719930666943	15.5392297164619	1531.08868882258
0.21271096	1410.72655614639	18.9993392663114	14.9311520038083	1391.72721688008
0.21787819	1281.60075070378	18.6432721063797	14.714189402279	1262.95747859741
0.22304541	1158.61307475759	18.8963657060071	14.1443356341674	1139.71670905158
0.22821264	1058.63346887707	17.7281823355927	13.3476907857547	1040.90528654148
0.23337986	972.943259305599	17.2811957365344	12.6253571747345	955.662063569065
0.23854709	885.874131998749	17.5114259843742	12.7940895837672	868.362706014375
0.24371432	812.565342508602	16.4522709163347	12.2326684716313	796.113071592267
0.24888153	746.48495464498	17.0923148962591	11.6575201570914	729.392639748721
0.25404876	691.736940882077	16.2230232317483	12.1161653922823	675.513917650329
0.25921598	632.954269627776	16.2084369017437	11.8737645413704	616.745832726032
0.26438323	583.965598999062	15.5050582087235	11.3795916515426	568.460540790338
0.26955044	543.310828902096	15.3339612976665	10.8812973431317	527.976867604429
0.27471766	508.221532686894	16.2091302323175	10.9776940584928	492.012402454576
0.2798849	464.165586487332	15.1789698349459	10.8900763143019	448.986616652386
0.28505212	438.218104472943	14.9833823148963	10.3718416589807	423.234722158047
0.29021934	406.729921801689	15.1705950225074	10.0619329981256	391.559326779182
0.29538655	381.552680638098	14.2958343250375	10.1097677843563	367.256846313061
0.3005538	358.324241476384	14.2177694417137	10.138358721847	344.106472034671
0.30572101	336.284860807007	13.1800227660785	9.67139135997144	323.104838040928
0.31088823	315.242189552706	14.3235437470896	9.81886525244711	300.918645805616
0.31605548	294.134419768533	14.0318305996792	9.96164484841272	280.102589168854
0.32122269	281.321069752893	13.4048455528535	9.69995105768945	267.91622420004
0.32638991	261.210397247419	13.621439437057	9.50529707536223	247.588957810362
0.33155715	245.188983421958	13.9150504475604	9.40262265329803	231.273932974398
0.33672437	231.375120425399	14.3406338283231	9.57774478593318	217.034486597076
0.34189159	222.519968720676	13.5568106793605	9.54387492190057	208.963158041315
0.34705883	211.508558023147	13.0277368448285	9.67298533218292	198.480821178318
0.35222605	198.254350954019	12.9928307549025	9.39392401297194	185.261520199117
0.35739326	188.051485767907	13.5079018988979	9.4341666418732	174.54358386901
0.36256051	176.573425086018	14.050517410876	9.47505414893933	162.522907675142
0.36772773	167.506362214576	13.0636643038237	9.23385483918955	154.442697910753
0.37289494	160.960857053488	13.3540420137631	9.3081689030377	147.606815039725
0.37806216	152.455589615264	13.9947550059502	9.54601082978787	138.460834609314
0.3832294	146.443922427276	13.0694153257101	9.10226250334712	133.374507101565
0.38839662	141.033512668126	12.8989175764475	9.01432834488709	128.134595091679
0.39356384	131.962108226462	12.8889734568221	8.98497842968076	119.07313476964
0.39873108	128.12863934939	13.590717648885	9.08680372497099	114.537921700505
0.4038983	120.264329058492	13.7209442748487	9.52057927464223	106.543384783644
0.40906551	116.12987175477	13.9369778030734	8.98409389783107	102.192893951697
0.41423276	110.42096340319	13.0471697625084	9.12499851239178	97.3737936406821
0.41939998	105.188207694714	13.6774791742122	9.29345630894648	91.5107285205016
0.42456719	102.9498842665	13.5693294355047	9.359532742257	89.3805548309951
0.42973444	98.4432780731936	13.6069074351943	8.97441983279283	84.8363706379993
0.43490165	94.2542008132624	13.8369695244994	8.9915448811401	80.417231288763
0.44006887	92.2386299655928	13.9649459305635	9.04798905120347	78.2736840350293
0.44523612	88.1587300594307	13.8609903244166	9.02590907738538	74.2977397350141
0.45040333	83.5090647482014	14.8178434314689	9.03015947160156	68.6912213167325
0.45557055	82.2331060369096	14.8186381745744	8.93358840855672	67.4144678623352
0.46073776	78.6408132624335	15.0048740104517	8.93078292820803	63.6359392519818
0.46590501	75.9126180794495	14.0413923526673	8.912647793877	61.8712257267822
0.47107223	72.5718611197998	13.6671294044601	9.24742182618786	58.9047317153397
0.47623944	72.4239474507351	13.7746049567962	9.43086742435512	58.6493424939389
0.48140669	68.7392555520801	13.7964717752367	9.3776104549106	54.9427837768434
0.4865739	65.8715921176103	13.6196026284473	9.00389664098063	52.251989489163
0.49174112	65.4035658429778	14.0641672271951	8.7488857814406	51.3393986157827
0.49690837	62.8009571473256	13.9289879443266	9.02252982654488	48.871969202999
0.50207555	60.8272036284016	13.4339856159776	9.04776843890393	47.393218012424
0.5072428	58.1708695652174	12.9334609613494	9.15235369373122	45.237408603868
0.51241004	57.6752693149828	14.0077420189372	9.07974993305763	43.6675272960456
0.51757723	55.8263584610572	13.8500015522326	8.82194638659962	41.9763569088246
0.52274448	53.949233656553	13.4893004604957	9.11516274433965	40.4599331960573
0.52791172	51.4416940882077	14.0698194236043	8.94756314896909	37.3718746646034
0.53307891	52.5563384422896	14.2958296683396	8.66741513195085	38.26050877395
0.53824615	51.2021445104786	14.2955973508563	8.84376379756627	36.9065471596223
0.5434134	47.9499837347513	14.1121493247788	8.88589821784535	33.8378344099725
0.54858059	48.5109008445418	13.1130910125731	8.81492309065484	35.3978098319687
0.55374783	45.9696021269941	13.7162751591038	8.76111987147065	32.2533269678902
0.55891508	44.8925223647169	13.5536218761318	8.61046175359257	31.3389004885851
0.56408226	43.5356202690022	13.5952486159259	8.59292657165809	29.9403716530763
0.56924951	42.6050672505474	13.5389615563719	8.64222337925084	29.0661056941755
0.57441676	42.7237948076322	13.1236824132043	8.42343816012615	29.6001123944278
0.57958394	41.2830578667501	13.5255880374605	8.41258442176668	27.7574698292895
0.58475119	39.8249083515796	13.0029890826305	8.3603367945018	26.8219192689491
0.58991843	39.7486055677197	14.155047860506	8.44640459968463	25.5935577072137
0.59508562	39.5645079762277	13.3647213742433	8.30511692600637	26.1997866019844
0.60025287	37.462245229903	12.7619604698091	8.19603150754217	24.700284760094
0.60542011	37.2628476696903	12.508323071351	8.30077147362471	24.7545245983394
0.6105873	36.8697259931186	13.2384989910488	8.29896120317753	23.6312270020698
0.61575454	34.727652173913	13.4679753712423	8.33265731456964	21.2596768026707
0.62092179	35.4758404754457	13.1524168262017	8.20561973758591	22.323423649244
0.62608898	34.6405924304035	12.5340544316242	8.00439707238702	22.1065379987794
0.63125622	33.458346574914	12.7530501371139	7.99890467406504	20.7052964378001
0.63642347	33.518001251173	13.5523376623377	7.96530719109815	19.9656635888353
0.64159065	33.5970272130122	13.6309256480571	8.14724747850406	19.9661015649551
0.6467579	32.9301770409759	13.9303223469757	8.43726756121508	18.9998546940002
0.65192515	32.2028282765092	13.4622662596368	8.21461277557942	18.7405620168725
0.65709233	30.8599430716297	13.2135235680654	8.16932804736545	17.6464195035643
0.66225958	30.8898242101971	12.5298861696073	8.259562048139	18.3599380405898
0.66742676	29.7982715045355	12.8898530553112	8.48206346136681	16.9084184492243
0.67259401	30.3217184860807	12.9488761835774	8.08234447056023	17.3728423025033
0.67776126	29.9155552080075	13.0445050964971	7.91401847609414	16.8710501115104
0.68292844	29.526294025649	12.3872054638589	8.00827794472048	17.1390885617902
0.68809569	29.194467313106	12.7553360583639	8.04126476451162	16.4391312547421
0.69326293	29.1454776352831	12.4995803797796	8.21351536699295	16.6458972555035
0.69843012	27.6805536440413	12.1950137113882	7.81578322572967	15.4855399326531
0.70359737	27.7041851736003	12.2136777565064	8.06333744904942	15.4905074170938
0.70876461	26.1700819518298	12.0053940083821	8.07283002588438	14.1646879434478
0.7139318	26.9395182984048	12.332857660268	7.90352444140311	14.6066606381367
0.71909904	26.4276696903347	12.9939742329384	8.03794144774032	13.4336954573963
0.72426629	26.2344798248358	12.0150851140891	7.77104117699563	14.2193947107467
0.72943348	26.2889377541445	11.8995022507373	7.88528071167177	14.3894355034072
0.73460072	25.612935877385	11.9577037305324	7.84607301181161	13.6552321468526
0.73976797	25.1671041601501	12.3201898897915	7.87022492636339	12.8469142703587
0.74493515	24.7251610885205	12.2022755730325	7.68982952009759	12.5228855154879
0.7501024	24.7284379105411	11.9898209758369	7.65181696468418	12.7386169347042
0.75526965	23.9990797622771	12.3229864955761	7.55078545714201	11.676093266701
0.76043683	24.3087763528308	12.4469203704662	7.75395733539615	11.8618559823646
0.76560408	23.9486800125117	12.8217110777669	7.79136607063164	11.1269689347449
0.77077132	23.9692005004692	12.4654798985875	7.56594269733123	11.5037206018817
0.77593851	23.1973712855802	11.4845392456149	7.5435097140817	11.7128320399653
0.78110576	22.7473919299343	11.3768727686656	7.61533530689358	11.3705191612687
0.786273	22.9304066312168	11.6744300719201	7.65271860402844	11.2559765592967
0.79144019	23.0392261495152	12.4033492006002	7.62649326113475	10.635876948915
0.79660743	22.2394657491398	12.3933310912195	7.51820296926601	9.84613465792028
0.80177468	21.8563597122302	12.3402297304289	7.5425612150784	9.51612998180128
0.80694187	20.7629771660932	11.5478072127076	7.52582428371664	9.2151699533856
0.81210911	21.8650897716609	11.4589827702178	7.55151602154057	10.4061070014431
0.81727636	22.6043665936816	11.8929088839447	7.50997247924786	10.7114577097368
0.82244354	21.454296527995	12.0778320484297	7.50860700365951	9.37646447956534
0.82761079	21.3466499843603	11.8211921146583	7.42440257653744	9.52545786970209
0.83277798	20.9687238035658	11.6368091271279	7.37071702716373	9.33191467643799
0.83794522	21.171775414451	12.2605365550784	7.33030481092499	8.91123885937266
0.84311247	20.7563547075383	12.06073834532	7.20637261610782	8.6956163622183
0.84827965	20.7768614325931	11.839678687846	7.24154205468448	8.93718274474704
0.8534469	21.2877272442915	11.7025146168572	7.32860730118116	9.58521262743428
0.85861415	20.9938411010322	12.0089170590366	7.49760004165303	8.98492404199564
0.86378133	20.2332524241476	12.0487623531847	7.33089851536699	8.18449007096298
0.86894858	20.4487031592118	11.5330630723858	7.09800437356818	8.91564008682598
0.87411582	20.3321889271192	11.4574393335748	7.45867245842135	8.87474959354438
0.87928301	19.7585317485142	11.6096352253324	7.41488099134212	8.1488965231818
0.88445026	19.450544260244	11.8937465721529	7.39531507542174	7.55679768809103
0.8896175	19.5007025336253	11.926908470016	7.33291303442325	7.57379406360923
0.89478469	19.5875964967157	11.75245718425	7.19957082502752	7.83513931246566
0.89995193	19.8113819205505	11.8347348269261	7.22567120883044	7.97664709362445
0.90511918	20.0784585548952	11.2800532933202	7.20422272470322	8.79840526157499
0.91028637	19.3423703472005	11.4424561494283	7.1588924756776	7.89991419777224
0.91545361	18.943084766969	11.6668080923061	7.15910044330725	7.27627667466293
0.92062086	18.2138636221458	11.5567739431883	7.10152197197346	6.65708967895748
0.92578804	19.1229790428527	11.1767439333575	7.1520906845973	7.94623510949519
0.93095529	18.4253650297154	11.8884876080095	6.97855463985005	6.53687742170584
0.93612254	17.2607594619956	11.334025974026	7.08435586563923	5.92673348796965
0.94128972	17.6896427901157	11.7709447922595	7.21015486001606	5.9186979978562
0.94645697	18.2599593368783	11.5108040565013	7.1665209306477	6.74915528037706
0.95162421	18.1727982483578	11.9753800382884	7.14626327690339	6.19741821006943
0.9567914	17.7596872067563	12.1855368137838	7.18973996608253	5.57415039297251
0.96195865	17.9213406318424	11.8836875873131	7.24608907798042	6.03765304452927
0.96712589	18.2374538629966	11.3640989289595	6.86991818154771	6.87335493403707
0.97229308	18.0189990616203	11.1187018161122	7.16359554907619	6.9002972455081
0.97746032	17.3088057553957	11.2739136958659	7.09806670435274	6.0348920595298
0.98262757	17.366494213325	11.338222693641	7.01407723661896	6.02827151968397
0.98779476	16.8467625899281	11.4152180886842	7.1255178364226	5.43154450124383
0.992962	16.6162026900219	11.0362798158017	7.07283314986165	5.57992287422017
0.99812919	16.9432430403503	11.2613607906038	6.98991684270031	5.68188224974651
1.0032965	17.3819211761026	11.0495322605681	6.96263544672875	6.33238891553448
1.0084636	17.2037566468564	11.603654473017	7.0188518639731	5.6001021738394
1.0136309	16.7423672192681	11.7394732757283	7.04964252774389	5.00289394353981
1.0187981	17.1272136377854	11.6289424121695	7.16289681949362	5.49827122561592
1.0239654	16.9982934000626	11.7580353909039	6.94540611704501	5.24025800915864
1.0291326	16.602392868314	11.5126061985823	6.85259379369849	5.08978666973175
1.0342999	16.28503472005	11.7493211569307	6.99095400315373	4.53571356311933
1.039467	16.3208952142634	11.879624359704	6.97443113861533	4.44127085455933
1.0446342	16.9353450109478	11.5308780462565	7.0018090803606	5.40446696469123
1.0498015	17.0674651235533	11.6512780048637	7.09651260004165	5.41618711868967
1.0549687	16.7706837660307	11.3416251875614	7.03438725417274	5.42905857846921
1.060136	17.0508970910228	12.0481616391577	7.00824566362203	5.00273545186518
1.0653032	16.7910290897717	11.6038236663735	6.8390189223766	5.18720542339819
1.0704703	16.492	11.1898240803022	6.92572104370593	5.30217591969783
1.0756376	16.444047544573	11.3407590417551	6.80559801850585	5.10328850281798
1.0808048	15.9642408507976	11.7970207481761	6.7600239504924	4.1672201026215
1.0859721	16.3334832655615	11.5230004656698	6.78001904138526	4.81048279989168
1.0911393	16.3906111979981	11.350154188441	6.89539644759156	5.04045700955708
1.0963064	16.2959968720676	11.6394525792932	6.82972940406415	4.65654429277435
1.1014737	16.0993737879262	11.8368701816112	6.86376811163012	4.26250360631497
1.1066409	15.731655927432	11.6665069591763	6.79161896402963	4.06514896825569
1.1118082	16.4218004379105	11.478698194236	6.74882835976317	4.9431022436745
1.1169754	16.3533562715045	11.1288368603508	6.72027000089256	5.22451941115373
1.1221427	16.4087826086957	10.9988756661665	6.76115036743923	5.40990694252915
1.1273098	15.757777916797	10.8819790966006	6.91244205765969	4.87579882019639
1.132477	15.5617860494213	11.1208061261448	6.86402978191663	4.44097992327656
1.1376443	15.6790322177041	10.9528338593677	6.9741367409479	4.72619835833637
1.1428115	15.6852023772287	11.062924406271	6.80022626521079	4.62227797095763
1.1479788	15.4750197059744	11.2247782894396	6.8739756329773	4.25024141653471
1.153146	15.5379918673757	11.3924628757697	6.81717815596085	4.14552899160601
1.1583132	15.7247275570848	11.3080033114296	6.82427940257654	4.41672424565516
1.1634804	15.4238730059431	11.3365240337352	6.7152649430246	4.08734897220788
1.1686476	15.8671642164529	11.6029896000414	6.54359510279373	4.26417461641153
1.1738149	15.6358273381295	11.3855290526207	6.55021332301925	4.25029828550881
1.1789821	15.2868983421958	11.5533114296063	6.62518922376603	3.73358691258956
1.1841494	15.1221651548327	11.7539126610441	6.5935097140817	3.36825249378852
1.1893165	15.0287857366281	11.1403342474259	6.66369045848086	3.88845148920221
1.1944838	15.0468983421958	10.9231334402649	6.75769584362262	4.12376490193089
1.199651	14.4483703472005	11.4173063589797	6.73149192228735	3.03106398822084
1.2048182	14.7777385048483	11.4963558752005	6.5187353842492	3.2813826296478
1.2099855	15.0827782295902	10.7970223004088	6.5527336288715	4.28575592918149
1.2151527	15.2773181107288	11.1277735810007	6.47153833566392	4.14954452972814
1.2203199	14.8744660619331	10.682448905676	6.46991312367975	4.19201715625706
1.2254871	15.2443841101032	10.8954933512702	6.52727589182113	4.34889075883298
1.2306544	14.743187363153	10.6378972422	6.63469861057392	4.10529012095292
1.2358216	14.4436077572724	10.7666595953847	6.37906355062331	3.67694816188775
1.2409889	14.9514463559587	11.0540264914369	6.58181830353158	3.89741986452186
1.246156	14.9159405692837	11.2033476483676	6.63564636577311	3.71259292091613
1.2513232	14.4035276822021	10.8968479329436	6.62760881854155	3.50667974925851
1.2564905	14.7442896465436	11.1665509391007	6.58514519056261	3.5777387074429
1.2616577	14.741161714107	11.2695431261965	6.74498304126625	3.47161858791046
1.266825	14.5581382546137	11.0602695710664	6.56778033976972	3.49786868354732
1.2719922	14.47762777604	11.3398313240544	6.54234104906132	3.13779645198561
1.2771593	14.7498304660619	11.1251435815181	6.52306953080837	3.62468688454385
1.2823266	15.1284754457304	11.2471728669737	6.59265151289756	3.88130257875671
1.2874938	14.4473368783234	11.1555507838775	6.56253964475916	3.29178609444595
1.2926611	14.7740631842352	11.0609541056553	6.56099610246645	3.71310907857992
1.2978283	14.7179274319675	11.5532767630776	6.44693805599357	3.16465066888991
1.3029956	14.2333518923991	11.1775236715476	6.44212162684835	3.05582822085155
1.3081627	14.0762402252111	11.2019723702592	6.55597542471215	2.87426785495192
1.3133299	13.9898160775727	11.1978030734206	6.59148463300705	2.79201300415212
1.3184972	14.7266987801064	10.7623764681534	6.64933741929725	3.96432231195299
1.3236644	14.5056233969346	10.8194898328763	6.47203757698372	3.68613356405834
1.3288317	14.4767582108226	11.0742588089202	6.39656243491714	3.40249940190248
1.3339989	14.3176690647482	11.1669415843121	6.38067299396031	3.1507274804361
1.339166	14.1392674382233	11.1750551042583	6.32468075927524	2.96421233396504
1.3443333	14.7700857053488	10.814038391887	6.39104444973372	3.95604731346177
1.3495005	14.8921820456678	10.7748346872251	6.48999256195888	4.11734735844269
1.3546678	13.8001445104786	10.9566409685932	6.55988173514623	2.84350354188541
1.359835	13.8863678448546	10.9108025042686	6.39990553687781	2.97556534058591
1.3650023	14.0675195495777	10.7631241268691	6.31388875665705	3.30439542270858
1.3701694	14.2746549890522	10.9332886635277	6.49947665942697	3.34136632552453
1.3753366	14.2581632780732	10.9060319759921	6.39587158965815	3.35213130208106
1.3805039	14.4796634344698	11.0437108708025	6.37035553836542	3.43595256366731
1.3856711	14.3444060056303	10.8566445904693	6.48591324268841	3.48776141516099
1.3908384	14.4428170159525	10.9250887359652	6.56710080033322	3.51772827998723
1.3960056	14.4253681576478	10.6844311067419	6.51352444140311	3.74093705090593
1.4011728	14.0993750390992	10.7082201065866	6.47790396001309	3.39115493251252
1.40634	14.0410672505474	10.8395876235318	6.48919178245217	3.20147962701554
1.4115072	14.1891704723178	10.9387965023025	6.47878358275564	3.25037397001532
1.4166745	14.0376609321239	11.0666927096808	6.57060991937163	2.97096822244311
1.4218417	13.7345242414764	11.1729963263828	6.27527401743477	2.5615279150936
1.4270089	14.0492755708477	10.7494520618823	6.19760971110648	3.29982350896533
1.4321761	13.7992036284016	11.0668950173333	6.22693701466782	2.73230861106837
1.4373434	14.1499199249296	10.8999741294562	6.37558849781322	3.24994579547342
1.4425106	14.2557948076322	10.894897811352	6.37323346523459	3.36089699628016
1.4476779	14.1443609634032	10.8782599472241	6.29995864449139	3.2661010161791
1.4528451	13.7232211448233	10.987605422466	6.4501570914284	2.73561572235729
1.4580122	14.0055145448858	10.8711113985616	6.31470872630984	3.13440314632423
1.4631795	13.8123703472005	10.7081042065504	6.17246199160989	3.10426614065008
1.4683467	13.8582927744761	10.3630713509598	6.25776948022969	3.49522142351628
1.473514	13.6282295902409	10.5293625498008	6.22346612716075	3.09886704044006
1.4786812	14.1067313106037	10.8266213069799	6.23781336467228	3.28011000362382
1.4838485	13.6954732561777	10.8031753505459	6.30331305227455	2.8922979056318
1.4890156	13.479335001564	10.9818554354013	6.21136398798012	2.49747956616272
1.4941828	13.8849221144823	10.9915046308273	6.16476138764095	2.89341748365499
1.4993501	13.495532686894	10.9370709370311	6.20757683496474	2.55846174986286
1.5045173	13.5476759461996	10.8392916645108	6.02942786587724	2.70838428168877
1.5096846	13.5979174225837	10.8748217519532	6.19582428371664	2.72309567063045
1.5148518	13.4644035032843	10.8718269778031	6.27233658623665	2.59257652548126
1.5200189	14.1404335314357	10.9143591866301	6.24893457499033	3.22607434480562
1.5251862	13.6437322489834	10.8580400476018	6.26378759929785	2.78569220138162
1.5303534	13.4109909289959	10.7336073886273	6.24189922941894	2.67738354036863
1.5355207	13.2748927119174	10.5543674652041	6.32705989110708	2.7205252467133
1.5406879	13.8042358461057	10.5200377709939	6.21108952426289	3.28419807511178
1.5458552	13.9378698780106	10.5370869767683	6.23314019219898	3.40078290124238
1.5510223	13.8008827025336	10.7542841620531	6.19629109517717	3.04659854048054
1.5561895	13.919853612762	10.8380250426864	6.28789116658237	3.08182857007557
1.5613568	13.7901188614326	10.6587856366741	6.31373196275029	3.13133322475851
1.566524	14.0423190491085	10.7980364257257	6.2673995120645	3.24428262338287
1.5716913	13.7237685329997	10.9760480157293	6.23252521495939	2.7477205172704
1.5768584	14.0845092274007	10.987092150877	6.22753711582518	3.09741707652368
1.5820256	14.3088795746012	10.9631070523102	6.23640326083723	3.34577252229095
1.5871929	14.178641851736	10.6952279194909	6.19660959209782	3.48341393224514
1.5923601	13.9801839224273	11.0672851451338	6.17500788432358	2.91289877729353
1.5975274	13.8068726931498	10.5452501681585	6.22736975990003	3.26162252499129
1.6026946	13.9163872380357	11.0017167692865	6.24090268067002	2.91467046874917
1.6078618	13.8633669064748	11.1387602835412	6.17668694772545	2.72460662293366
1.613029	13.5466155771035	10.9625435918663	6.22849260658713	2.58407198523724
1.6181962	13.3912905849234	10.8165587002639	6.20390943441135	2.57473188465949
1.6233635	13.9017197372537	10.9203466652869	6.18825920085686	2.98137307196677
1.6285307	13.3744666875196	10.9973720701609	6.31876974799917	2.37709461735863
1.633698	13.6396296527995	10.6448496921405	6.15882196304781	2.99477996065897
1.6388651	13.9114382233344	10.8448440006209	6.22433727053643	3.06659422271348
1.6440324	13.6818842664998	11.3430992911471	6.20317321710154	2.33878497535274
1.6491996	13.8153518923991	11.0878749935324	6.25494064443188	2.72747689886676
1.6543669	13.6606086956522	10.6581849226471	6.24113459879206	3.0024237730051
1.6595341	13.3439174225837	11.2019314948	6.16881601261492	2.14198592778365
1.6647013	13.8566399749765	11.2961147617323	6.31894424444378	2.56052521324425
1.6698685	14.1313431341883	11.1285196874838	6.27033843087085	3.00282344670447
1.6750357	13.7492768220206	11.3793697935531	6.1463006158698	2.36990702846759
1.680203	13.6394294651236	11.5042189682827	6.25020008330606	2.13521049684084
1.6853702	13.7616215201752	11.4219878925855	6.23329772990985	2.33963362758966
1.6905375	14.2570240850798	10.9220417033166	6.18566867989646	3.33498238176316
1.6957047	13.8764416640601	11.0315341232473	6.21352042486091	2.84490754081279
1.7008718	13.5376740694401	11.2075309152998	6.12802073725863	2.33014315414026
1.7060391	14.0296065060995	11.3550923578414	6.18994451221326	2.6745141482581
1.7112063	13.4475864873319	11.3094474051845	6.19963702359347	2.13813908214742
1.7163736	13.990518611198	11.2863051689347	6.09212356073904	2.70421344226335
1.7215408	13.8255720988427	10.9191147099912	5.98895897176519	2.90645738885146
1.7267081	13.7390772599312	11.004976975216	6.18115438398143	2.73410028471517
1.7318752	13.7475733500156	11.4710534485435	6.100882597959	2.27651990147215
1.7370424	13.5815927431967	11.5174714130491	6.07462750290084	2.06412133014764
1.7422097	13.5530365968095	11.1441630879081	6.08515991788402	2.4088735089014
1.7473769	13.6306337191117	11.1702566357945	6.02584644907917	2.46037708331718
1.7525442	14.5277203628402	11.1377016608889	6.00929026211657	3.39001870195125
1.7577113	14.1419924929622	11.5139100739898	6.0433999285948	2.6280824189724
1.7628785	14.1882890209571	11.5372572049464	6.17688122935944	2.6510318160107
1.7680458	13.6294989052236	11.2724121695038	6.27492368569813	2.35708673571984
1.773213	13.808198936503	11.6842893361618	6.2804586296153	2.12390960034113
1.7783803	14.0519361901783	11.582724168262	6.25201526286037	2.46921202191627
1.7835475	13.9259092899593	11.6892854555803	6.09998452887448	2.23662383437906
1.7887146	13.2798167031592	11.3331634500957	5.93461768468656	1.94665325306349
1.7938819	13.9823584610572	11.2289005018886	6.08890735175984	2.75345795916869
1.7990491	14.049803565843	11.2509277177006	6.05273139745916	2.79887584814235
1.8042164	13.9378411010322	11.575556992808	6.03217235428877	2.36228410822423
1.8093836	13.638715045355	11.5416251875614	6.22272068667996	2.09708985779358
1.8145509	14.0723371911167	10.8520975836912	6.2413651780667	3.22023960742546
1.819718	14.1510028151392	11.1275578206654	6.12875070661391	3.0234449944738
1.8248852	14.4902402252111	11.2446401407358	6.05404436047723	3.24560008447538
1.8300525	13.9987325617767	10.9831111915972	6.05728883401267	3.01562137017942
1.8352197	14.231259305599	11.223324882289	6.14550608431763	3.00793442330997
1.840387	13.7542865186112	11.1634381952709	5.93890140132695	2.59084832334034
1.8455542	14.0930572411636	11.0962611890102	6.0903168605516	2.9967960521534
1.8507214	14.3101770409759	11.3124587364826	6.14317738240457	2.99771830449328
1.8558886	14.3736659368158	11.3936373984581	6.23074201898188	2.98002853835765
1.8610559	14.1094563653425	11.3452615511978	6.23412766653774	2.7641948141447
1.8662231	14.1037722865186	11.6922015832773	6.09258605813573	2.41157070324133
1.8713903	13.9836828276509	11.26975785171	5.97994168575764	2.71392497594088
1.8765576	13.5928357835471	10.7204610130905	6.07225685043587	2.87237477045658
1.8817247	13.436641851736	11.0665250685569	6.06772976109012	2.37011678317906
1.886892	13.9414907725993	11.2142505303461	5.99046413376573	2.72724024225316
1.8920592	14.1210666249609	11.0118150773529	5.90080940763441	3.10925154760798
1.8972265	14.3909183609634	11.0136110105034	6.01911888964922	3.37730735045996
1.9023937	14.3862414763841	11.2234594091168	6.07249442146916	3.16278206726733
1.9075608	14.1451723490773	11.2888404822269	6.23346582963911	2.85633186685032
1.9127281	13.9752736940882	11.5307166140632	6.09436508881021	2.44455708002498
1.9178953	14.2948201438849	11.3219206291716	6.00012257891762	2.97289951471327
1.9230626	13.9974613700344	11.3468898432245	5.98888161613757	2.6505715268099
1.9282298	14.1849865498905	11.3730868732861	5.87735175984053	2.81189967660445
1.9333971	13.9300569283703	11.68680447043	5.92360715242034	2.24325245794038
1.9385642	14.0456584297779	11.692169503803	6.0419521882717	2.35348892597495
1.9437314	13.8181532686894	11.4224209654887	6.09983056142334	2.3957323032007
1.9488987	13.4429928057554	11.3968298235629	6.04923284043914	2.04616298219251
1.9540659	14.0848570534876	11.4950768355151	6.04896328582904	2.58978021797256
1.9592332	14.5043797309978	11.6023754333316	5.91358305316712	2.9020042976662
1.9644004	13.853160462934	11.2883432503751	5.91861652435215	2.56481721255888
1.9695675	14.0055364404129	11.1426729445853	5.96299961322186	2.86286349582759
1.9747348	14.2044898342196	11.2638909297873	5.95198208919699	2.94059890443224
1.979902	14.2124128870816	11.3950845966782	6.07751658683169	2.81732829040342
1.9850693	14.6945448858305	11.3628514513375	6.05546443128738	3.33169343449296
1.9902365	14.8579236784485	10.9131008433797	5.7714749635536	3.94482283506882
1.9954038	14.9012280262746	10.7640182128628	5.79788179465056	4.1372098134118
2.000571	15.2726837660307	10.8752806954002	6.02558537383595	4.39740307063044
2.0057383	14.8829271191742	11.2349997412946	6.03549061319211	3.64792737787966
2.0109055	14.3401551454489	11.0838205619082	5.99386897146767	3.25633458354065
2.0160725	14.592863934939	11.1154007347234	5.97855850763143	3.47746320021556
2.0212398	15.6083134188302	11.2033786930201	5.83639939305584	4.40493472581003
2.026407	15.5895577103535	11.2132746934341	5.88083960608134	4.3762830169194
2.0315742	15.6203472005005	11.3592321622601	5.97786260450448	4.26111503824042
2.0367415	15.9282539881139	11.1180379779583	6.0864636577311	4.81021601015556
2.0419087	15.8451585861745	10.9323769855642	6.06099520990152	4.9127816006103
2.047076	16.7573612761964	11.040538107311	5.81799812561364	5.71682316888542
2.0522432	16.3857578980294	10.9741910280954	6.02319344857338	5.41156686993399
2.0574105	16.7219899906162	11.1976907952605	6.08089732528041	5.52429919535569
2.0625777	17.7967288082577	11.3414497852745	6.03034229865223	6.45527902298326
2.067745	17.1072436659368	11.2535691002225	6.00569307667133	5.85367456571433
2.072912	17.1673131060369	11.2861732291613	5.88947725447026	5.88113987687563
2.0780792	17.3571010322177	11.2209685931598	5.8395087917646	6.13613243905788
2.0832465	17.3700369096028	11.0333968024008	5.87225893308738	6.33664010720197
2.0884137	16.5741657804191	11.3348119211466	5.81368718574276	5.23935385927256
2.093581	16.0486337191117	11.0397200807161	5.84636458302341	5.00891363839557
2.0987482	16.1598116984673	11.0224437315672	5.99555368778079	5.13736796690007
2.1039155	16.015680325305	11.4625291043618	5.94095073041564	4.5531512209432
2.1090827	15.2471642164529	11.1737362239354	5.87091220136265	4.0734279925175
2.1142499	14.7423390678761	10.8327681481865	5.87821858915236	3.90957091968966
2.1194172	14.8429727869878	10.9484151704869	6.0127688851864	3.89455761650092
2.1245844	14.7875583359399	11.0260780255601	6.00594567254768	3.76148031037985
2.1297517	14.7991773537692	10.7616660630206	5.8064383683913	4.03751129074851
2.1349187	14.529332499218	11.2557318776841	5.79988813186159	3.27360062153395
2.1400859	13.6787951204254	11.0001722978217	5.74523087679629	2.6786228226037
2.1452532	14.708866437285	10.9659212500647	5.93969266014102	3.74294518722028
2.1504204	14.1976002502346	11.3218776840689	5.97935229537949	2.87572256616568
2.1555877	13.65817453863	11.0751037408806	5.94702374222725	2.58307079774933
2.1607549	13.380938379731	10.8038810989807	5.94806477046205	2.5770572807503
2.1659222	13.7670822646231	11.1148279608837	5.85034720775936	2.65225430373935
2.1710894	13.6679874882703	10.980483779169	5.79729017286008	2.68750370910121
2.1762567	13.5357604003754	10.9285921250065	5.7934438130374	2.60716827536888
2.1814239	14.1773769158586	10.9005562166917	5.88492442950225	3.27682069916694
2.1865911	14.053332499218	11.0470342008589	5.78077593644938	3.00629829835911
2.1917584	13.6073994369722	10.2643208982253	5.83012168635268	3.34307853874688
2.1969254	13.9439368157648	10.9203233817975	5.7611841361459	3.02361343396729
2.2020926	13.4267156709415	11.2162218657836	5.68421885692184	2.21049380515789
2.2072599	13.7321301219894	11.0213147410359	5.83199399006278	2.71081538095351
2.2124271	13.4566712543009	11.099553474414	5.92206361012764	2.35711777988688
2.2175944	13.3909953081013	11.2718533657578	5.78592499479337	2.1191419423436
2.2227616	13.6413787926181	11.3883499767165	5.70052542322454	2.25302881590157
2.2279289	13.2678723803566	11.045486107518	5.87762771116599	2.22238627283861
2.2330961	13.5217879261808	10.8009116779635	5.90652003808277	2.72087624821733
2.2382634	13.5143315608383	10.8061064831583	5.74241661955907	2.70822507768001
2.2434306	13.0296402877698	10.7072815232576	5.98821055606795	2.32235876451216
2.2485979	12.9752267751017	11.0356470223004	5.94320787837315	1.93957975280125
2.2537649	12.9349978104473	11.2403585657371	5.7574054624974	1.69463924471024
2.2589321	13.250444166406	11.4431888032286	5.93411546815031	1.80725536317736
2.2640994	13.1128758210823	11.2612567910177	5.85430186546071	1.85161903006452
2.2692666	13.2142571160463	11.3683287628706	5.94709157716224	1.8459283531757
2.2744339	13.7110090710041	10.8374957313603	5.88342016006664	2.87351333964379
2.2796011	13.9612223959962	10.6762917162519	5.70511409955074	3.28493067974437
2.2847683	13.9197910541132	11.0743033062555	5.71098256523162	2.84548774785773
2.2899356	13.3645955583359	10.8061608113003	5.72892401297194	2.55843474703569
2.2951028	13.2546756334063	11.24389248202	5.81058165481539	2.01078315138635
2.3002701	13.6229483891148	11.0180410824236	5.79383966558567	2.60490730669124
2.3054373	13.4090428526744	10.9308868422414	5.77118978905715	2.47815601043296
2.3106046	12.9563215514545	11.8881140373571	5.6294122459909	1.06820751409742
2.3157716	13.0784885830466	11.7420665390387	5.71767382702092	1.33642204400796
2.3209388	13.5986900218955	10.9441408392404	5.76508657879861	2.65454918265509
2.3261061	13.4133381294964	11.7894603404564	5.72355969771801	1.62387778904005
2.3312733	13.3197710353456	11.0371283696383	5.66983799946446	2.28264266570731
2.3364406	13.0496890835158	11.0711041548093	5.85953080836631	1.97858492870646
2.3416078	12.9269227400688	11.0395374346769	5.86445583291184	1.88738530539194
2.3467751	13.654222083203	11.1975065969887	5.70362976406533	2.45671548621433
2.3519423	13.5024485455114	11.349278211828	5.62413510457886	2.15317033368341
2.3571095	14.0141382546137	10.8542629482072	5.62247701645295	3.15987530640653
2.3622768	13.8505473881764	10.8420908573498	5.58045282794323	3.0084565308266
2.367444	13.8601545198624	10.8669762508408	5.70944512213264	2.99317826902158
2.3726113	13.598617453863	10.904685155482	5.72346880485555	2.69393229838103
2.3777783	13.4331498279637	11.2052646556631	5.68634911189789	2.22788517230065
2.3829455	13.1329946825149	11.2236529207844	5.62306819196096	1.90934176173046
2.3881128	12.9818579918674	11.044359704041	5.76843548243135	1.9374982878264
2.39328	13.114073193619	10.8438609199565	5.74984097468091	2.27021227366248
2.3984473	13.3716265248671	10.8165255859678	5.72810047305942	2.55510093889925
2.4036145	12.865582733813	10.822728307549	5.65423016274434	2.04285442626393
2.4087818	13.4119824835784	10.7845754643763	5.477047395198	2.62740701920209
2.413949	13.8506668751955	10.5455471620013	5.74518758739698	3.30511971319415
2.4191163	12.8069452611824	10.8495208775288	5.76202255214067	1.95742438365351
2.4242835	12.6981151079137	10.6819428778393	5.61743461961858	2.01617223007438
2.4294508	13.3798417266187	11.0231344750867	5.68727618934277	2.35670725153204
2.4346178	13.2793224898342	10.8888332384747	5.59537636488054	2.39048925135955
2.439785	13.3267869878011	10.9446354840379	5.58317039064592	2.38215150376319
2.4449522	13.3396321551454	11.152691053966	5.63334101930915	2.18694110117949
2.4501195	12.6396465436347	11.4075660992394	5.57896923626194	1.23208044439525
2.4552867	12.9467044103847	11.2961385626326	5.65455089107733	1.65056584775215
2.460454	12.8161132311542	10.700584156879	5.50271295111719	2.11552907427523
2.4656212	13.0169014701282	10.7254043565996	5.61812159709619	2.29149711352867
2.4707885	13.0944035032843	10.3294334350908	5.70720671803874	2.76497006819352
2.4759557	13.3464078823897	10.6043938531588	5.65395822796108	2.74201402923095
2.481123	13.328101345011	10.9970497231852	5.75256136383922	2.33105162182577
2.4862902	12.994098842665	10.7437651989445	5.5713445003124	2.25033364372052
2.4914575	12.9020875821082	10.7800739897553	5.47007527297611	2.12201359235296
2.4966245	12.8512549264936	10.8963362135872	5.73457796554699	1.95491871290638
2.5017917	12.7144635595871	10.8959005536296	5.61989646246764	1.81856300595748
2.506959	12.6993187363153	10.9096673048067	5.48395331885395	1.78965143150855
2.5121262	12.8337015952455	11.2079712319553	5.56989318972955	1.62573036329025
2.5172935	13.3576897091023	10.4530071920112	5.69010472761893	2.90468251709111
2.5224607	13.2467000312793	10.8348036425726	5.73092514355419	2.41189638870676
2.5276279	12.7860681889271	10.7230987737362	5.65366100383803	2.0629694151909
2.5327952	12.7428070065687	10.7591876649247	5.56792746422302	1.98361934164394
2.5379624	13.4546412261495	10.577859988617	5.68210258546309	2.87678123753255
2.5431297	13.657133562715	10.9484803642573	5.50655945970069	2.70865319845779
2.5482969	13.7989202377229	10.6613416464014	5.37828642408735	3.13757859132146
2.5534642	14.0478029402565	10.3891214363326	5.54841093689566	3.6586815039239
2.5586312	13.8711704723178	10.89961608113	5.46722546190235	2.97155439118777
2.5637984	13.8893625273694	10.3970968075749	5.70229984231353	3.49226571979451
2.5689657	13.3807832342821	10.4073368862214	5.63807979530511	2.97344634806079
2.5741329	13.2358717547701	10.1819154550629	5.62857948290738	3.05395629970723
2.5793002	13.1262020644354	10.4884622548766	5.50064309303502	2.63773980955881
2.5844674	13.3265886768846	11.2092999430848	5.44416381541757	2.11728873379978
2.5896347	13.5764216452925	11.0016572670358	5.5248116687989	2.57476437825671
2.5948019	13.5312274006881	10.4091317845501	5.4722650322811	3.12209561613804
2.5999691	13.2518492336566	10.3772825580794	5.81936508881021	2.87456667557718
2.6051364	13.1691610885205	10.1556206343457	5.6348948260986	3.01354045417475
2.6103036	13.8447331873632	10.8330346147876	5.46242137990539	3.01169857257555
2.6154706	12.5659299343134	10.7257075593729	5.55381541757163	1.84022237494052
2.6206379	12.3792430403503	11.1008526931236	5.55089360625986	1.27839034722672
2.6258051	12.4230090710041	10.8851844569773	5.47460444497337	1.53782461402678
2.6309724	12.6312299030341	10.7126646660113	5.84888250870251	1.91856523702281
2.6361396	12.664422270879	11.4195012159156	5.91861726815626	1.24492105496339
2.6413069	12.8453037222396	10.9816976250841	5.46538781946387	1.86360609715552
2.6464741	12.7122114482327	11.1918756144254	5.44651215375919	1.5203358338073
2.6516414	12.7842414763841	10.7432679670927	5.44071672964208	2.04097350929144
2.6568086	13.5418830153269	10.9122978217002	5.5691060962185	2.62958519362666
2.6619759	12.4447325617767	11.5869690070885	5.39438933682425	0.857763554688137
2.6671431	13.0902896465436	11.4165949190252	5.19923596441641	1.67369472751844
2.6723104	13.4650222083203	10.4068308583846	5.55482907381512	3.05819134993566
2.6774774	11.980150140757	10.9026087856367	5.79066213442028	1.07754135512029
2.6826446	12.5616340319049	10.3954830030527	5.67118502871084	2.16615102885219
2.6878119	12.3869702846419	10.99494386092	5.51367662372438	1.3920264237219
2.6929791	12.8920750703785	10.6908288922233	5.38051813394424	2.20124617815517
2.6981463	12.7806599937441	10.0342168986392	5.64636562434917	2.74644309510492
2.7033136	12.8187131685956	10.0824137217364	5.1838984261105	2.73629944685913
2.7084808	12.3763615889897	11.124780876494	5.40278346374699	1.25158071249565
2.7136481	12.3557153581483	11.5436767216847	5.46384502097528	0.812038636463576
2.7188153	12.4180193931811	10.7952284369017	5.51622400404629	1.62279095627936
2.7239826	11.4818223334376	11.0822093444404	5.54988426408021	0.399612988997179
2.7291498	10.880915233031	9.46893258136286	4.79713635416977	1.41198265166811
2.7343168	8.03499906162027	7.99907486935375	3.90907411264169	0.0359241922665152
2.7394841	8.73908789490147	7.72382159672996	3.81339487072685	1.01526629817151
2.7446513	8.90999311854864	7.4248093340922	3.86171134450031	1.48518378445644
2.7498186	8.31667438223334	7.20524913333678	3.90216075094463	1.11142524889656
2.7549858	7.60014638723804	7.05821182801262	3.88617000386778	0.541934559225411
2.7601531	9.44549390053175	7.88124437315672	3.73525929011336	1.56424952737503
2.7653203	9.56586111979981	6.82788223728463	3.68715673440243	2.73797888251519
2.7704875	8.62028088833281	6.5828214415067	3.78818511796733	2.03745944682611
2.7756548	8.81727682202065	7.01203704661872	3.88823525036446	1.80523977540193
2.780822	8.92945323741007	7.15119418430175	3.88344470560233	1.77825905310832
2.7859893	9.3562170785111	8.1166378641279	3.51558135729374	1.2395792143832
