$SPEC_ID:
Au_Cu_Si
$SPEC_REM:
DET# 2
DETDESC# EMB-ACCEL-RBSA1 Model 927 SN 13315667 Input 2
AP# Maestro Version 7.01
$DATE_MEA:
04/19/2017 13:00:08
$MEAS_TIM:
567 579
$DATA:
0 1023
       0
       0
       0
       0
       0
       0
       0
       0
       0
       0
       0
       0
       0
       0
       0
       0
       0
       0
       0
       0
       0
       0
       0
       0
       0
       0
       0
       0
       0
       0
       0
       0
       0
       0
       0
       0
       0
       0
       0
       0
       0
       0
       0
       0
       0
       0
       0
      35
    3462
    4402
    4348
    4297
    4245
    4139
    4146
    4152
    4156
    3910
    3958
    3927
    3891
    3917
    3776
    3792
    3731
    3593
    3732
    3547
    3520
    3450
    3497
    3581
    3472
    3428
    3531
    3469
    3347
    3185
    3310
    3331
    3291
    3218
    3249
    3181
    3266
    3141
    3095
    3113
    3057
    3081
    3071
    3073
    3126
    2912
    2956
    3111
    2892
    2996
    2930
    2923
    2920
    2908
    2869
    2843
    2981
    2835
    2805
    2848
    2807
    2763
    2852
    2755
    2726
    2707
    2796
    2697
    2629
    2743
    2774
    2683
    2710
    2717
    2668
    2637
    2527
    2619
    2714
    2577
    2634
    2480
    2549
    2691
    2572
    2502
    2623
    2666
    2586
    2589
    2531
    2416
    2538
    2470
    2463
    2439
    2468
    2589
    2497
    2542
    2500
    2511
    2381
    2537
    2492
    2464
    2416
    2421
    2356
    2448
    2377
    2387
    2443
    2437
    2451
    2396
    2402
    2268
    2374
    2389
    2313
    2355
    2381
    2314
    2283
    2398
    2353
    2375
    2286
    2298
    2269
    2407
    2348
    2220
    2226
    2284
    2266
    2350
    2303
    2264
    2253
    2295
    2315
    2366
    2322
    2269
    2274
    2172
    2143
    2260
    2215
    2158
    2249
    2295
    2268
    2255
    2271
    2187
    2283
    2287
    2257
    2277
    2262
    2250
    2154
    2187
    2300
    2255
    2220
    2283
    2230
    2169
    2223
    2233
    2215
    2264
    2130
    2221
    2160
    2179
    2108
    2191
    2210
    2148
    2189
    2167
    2162
    2163
    2202
    2176
    2190
    2128
    2142
    2127
    2146
    2224
    2088
    2104
    2273
    2224
    2154
    2183
    2128
    2141
    2145
    2132
    2156
    2096
    2174
    2168
    2227
    2175
    2178
    2159
    2111
    2158
    2031
    2124
    2204
    2189
    2170
    2207
    2166
    2150
    2076
    2190
    2118
    2114
    2071
    2046
    2088
    2139
    2086
    2141
    2092
    2155
    2092
    2050
    2139
    2030
    2079
    2058
    2107
    2130
    2097
    2108
    2136
    2111
    2060
    2123
    2088
    2095
    2038
    2154
    2069
    2062
    2200
    2079
    2123
    2123
    2076
    2155
    2107
    2121
    2034
    2075
    2056
    2002
    2097
    1958
    2073
    2080
    2073
    2058
    1961
    2045
    2014
    2089
    2008
    2101
    2001
    2099
    2033
    2083
    2096
    2036
    2119
    2022
    2082
    2096
    2091
    2039
    2097
    2126
    2100
    2082
    2054
    1976
    2017
    2106
    2011
    2009
    2053
    2104
    2038
    2054
    2030
    2099
    2032
    2064
    1984
    1959
    2110
    2018
    2001
    1979
    2077
    2005
    1940
    1987
    2079
    2052
    1974
    2083
    1948
    2047
    2028
    1917
    1996
    1995
    2024
    2110
    1999
    1983
    1993
    1971
    2053
    2052
    1994
    2034
    1941
    1955
    1934
    1999
    2011
    1931
    1888
    1964
    1826
    1860
    1800
    1640
    1527
    1478
    1336
    1110
    1000
     839
     714
     600
     504
     418
     333
     266
     250
     221
     178
     150
     157
     148
     115
      88
      95
      87
      74
      57
      62
      68
      41
      42
      43
      52
      42
      44
      30
      35
      30
      29
      37
      24
      38
      38
      40
      28
      34
      38
      37
      31
      37
      28
      46
      33
      31
      31
      46
      34
      37
      27
      31
      37
      29
      34
      34
      39
      29
      25
      41
      39
      47
      34
      27
      42
      30
      26
      24
      36
      30
      37
      30
      31
      27
      31
      30
      30
      34
      27
      29
      29
      35
      29
      26
      33
      41
      25
      33
      41
      35
      32
      29
      36
      29
      20
      29
      24
      39
      28
      29
      34
      26
      33
      30
      28
      31
      29
      37
      39
      28
      43
      30
      31
      33
      42
      42
      38
      33
      42
      31
      34
      35
      30
      36
      24
      24
      38
      26
      35
      44
      35
      33
      31
      41
      29
      39
      49
      36
      41
      25
      40
      50
      37
      49
      35
      53
      54
      52
      69
      73
      80
      65
      76
     100
     103
     113
     150
     162
     202
     285
     331
     367
     520
     697
     885
    1118
    1503
    1957
    2224
    2633
    3123
    3681
    3995
    4380
    4809
    5006
    5276
    5462
    5641
    5581
    5660
    5642
    5808
    5735
    5692
    5718
    5581
    5407
    5456
    5204
    5063
    4581
    4357
    3890
    3376
    3045
    2542
    2174
    1801
    1388
    1113
     869
     671
     571
     345
     288
     212
     185
     118
     119
      88
      82
      77
      78
      64
      62
      65
      53
      48
      38
      34
      36
      52
      43
      37
      48
      56
      57
      52
      66
      55
      52
      87
      61
      60
      57
      54
      65
      71
      58
      52
      48
      57
      63
      44
      48
      45
      34
      49
      42
      53
      39
      57
      39
      61
      53
      48
      47
      54
      52
      55
      51
      49
      49
      56
      49
      52
      53
      52
      64
      45
      53
      68
      70
      65
      60
      89
      70
      70
      68
      70
      73
      64
      85
      89
     118
     105
     128
     173
     148
     197
     231
     261
     268
     386
     420
     525
     626
     697
     865
    1085
    1406
    1925
    2512
    3299
    4391
    5602
    7347
    9311
   11299
   13458
   15435
   17832
   19526
   20842
   22168
   23186
   23555
   24146
   24677
   24532
   25149
   25262
   25127
   25325
   25239
   25182
   25381
   25257
   25128
   25208
   25160
   25312
   25415
   25094
   25230
   25125
   24999
   24733
   24495
   24528
   24541
   24039
   23467
   22980
   21943
   20483
   18547
   16199
   13268
   10499
    7940
    5734
    3989
    2707
    1892
    1359
     997
     725
     558
     424
     334
     225
     258
     181
     140
     113
      88
      78
      63
      42
      40
      45
      29
      42
      28
      32
      37
      32
      38
      27
      24
      35
      29
      29
      26
      39
      33
      27
      34
      27
      40
      24
      23
      25
      23
      33
      19
      28
      24
      21
      24
      29
      36
      24
      24
      22
      25
      26
      15
      27
      20
      23
      23
      21
      23
      26
      12
      18
      15
      16
      20
      19
      24
      18
      18
      22
      15
      23
      16
      12
      15
      20
      17
      22
      11
      23
      18
      12
      14
      17
      17
      17
      15
      22
      16
      17
      19
      18
      17
      23
      15
      19
      16
      14
      20
      15
      13
      11
      16
      21
       3
      13
      19
      18
      10
      18
       8
      14
      15
      17
      17
      16
      14
      19
      14
      13
      11
      13
      13
      16
      14
      10
       9
      13
      12
      10
       9
      16
       8
      14
      15
      14
      11
      18
      15
       8
      18
       9
      14
       9
      11
      18
      15
       9
      14
      16
      19
      18
      19
      17
      14
      13
      16
      18
      12
      13
      14
       8
      21
      13
      17
      10
      17
      14
      20
      19
      19
      12
      15
      20
       8
      12
      16
      17
      13
      11
      13
      14
      13
      17
      15
      12
      15
      16
      12
      20
      22
      15
      12
      13
      14
      17
      11
      18
       7
      11
       7
      25
       6
      18
       9
       9
      15
      12
      12
       8
      13
      14
      14
      13
      12
       7
       4
       7
      10
       8
       4
       4
       7
       8
       6
       8
       4
       5
       4
       6
       5
       5
       8
       1
       5
       2
       7
       2
       2
       4
       2
      10
       2
       0
       0
       0
       0
       0
       0
       0
       0
       0
       0
       0
       0
       0
       0
       0
       0
       0
       0
       0
$ROI:
0
$PRESETS:
None
0
0
$ENER_FIT:
0.000000 0.000000
$MCA_CAL:
3
0.000000E+000 0.000000E+000 0.000000E+000 
$SHAPE_CAL:
3
0.000000E+000 0.000000E+000 0.000000E+000
